name: fcc-ml
channels:
  - conda-forge
dependencies:
  - asttokens=2.0.8=pyhd8ed1ab_0
  - backcall=0.2.0=pyh9f0ad1d_0
  - backports=1.0=py_2
  - backports.functools_lru_cache=1.6.4=pyhd8ed1ab_0
  - bzip2=1.0.8=h8ffe710_4
  - ca-certificates=2022.9.24=h5b45459_0
  - colorama=0.4.5=pyhd8ed1ab_0
  - debugpy=1.6.3=py39h415ef7b_0
  - decorator=5.1.1=pyhd8ed1ab_0
  - entrypoints=0.4=pyhd8ed1ab_0
  - executing=1.1.1=pyhd8ed1ab_0
  - imbalanced-learn=0.9.1=pyhd8ed1ab_1
  - intel-openmp=2022.1.0=h57928b3_3787
  - ipykernel=6.16.0=pyh025b116_0
  - ipython=8.5.0=pyh08f2357_1
  - jedi=0.18.1=pyhd8ed1ab_2
  - joblib=1.2.0=pyhd8ed1ab_0
  - jupyter_client=7.4.2=pyhd8ed1ab_0
  - jupyter_core=4.11.1=py39hcbf5309_0
  - libblas=3.9.0=16_win64_mkl
  - libcblas=3.9.0=16_win64_mkl
  - libffi=3.4.2=h8ffe710_5
  - liblapack=3.9.0=16_win64_mkl
  - libsodium=1.0.18=h8d14728_1
  - libsqlite=3.39.4=hcfcfb64_0
  - libzlib=1.2.13=hcfcfb64_4
  - m2w64-gcc-libgfortran=5.3.0=6
  - m2w64-gcc-libs=5.3.0=7
  - m2w64-gcc-libs-core=5.3.0=7
  - m2w64-gmp=6.1.0=2
  - m2w64-libwinpthread-git=5.0.0.4634.697f757=2
  - matplotlib-inline=0.1.6=pyhd8ed1ab_0
  - mkl=2022.1.0=h6a75c08_874
  - msys2-conda-epoch=20160418=1
  - nest-asyncio=1.5.6=pyhd8ed1ab_0
  - openssl=3.0.5=hcfcfb64_2
  - packaging=21.3=pyhd8ed1ab_0
  - parso=0.8.3=pyhd8ed1ab_0
  - pickleshare=0.7.5=py_1003
  - pip=22.3=pyhd8ed1ab_0
  - prompt-toolkit=3.0.31=pyha770c72_0
  - psutil=5.9.2=py39ha55989b_0
  - pure_eval=0.2.2=pyhd8ed1ab_0
  - pygments=2.13.0=pyhd8ed1ab_0
  - pyparsing=3.0.9=pyhd8ed1ab_0
  - python=3.9.13=hcf16a7b_0_cpython
  - python-dateutil=2.8.2=pyhd8ed1ab_0
  - python_abi=3.9=2_cp39
  - pywin32=303=py39hb82d6ee_0
  - pyzmq=24.0.1=py39hea35a22_0
  - scikit-learn=1.1.2=py39hfd4428b_0
  - setuptools=65.5.0=pyhd8ed1ab_0
  - six=1.16.0=pyh6c4a22f_0
  - sqlite=3.39.4=hcfcfb64_0
  - stack_data=0.5.1=pyhd8ed1ab_0
  - tbb=2021.6.0=h91493d7_0
  - threadpoolctl=3.1.0=pyh8a188c0_0
  - tk=8.6.12=h8ffe710_0
  - tornado=6.2=py39hb82d6ee_0
  - traitlets=5.4.0=pyhd8ed1ab_0
  - tzdata=2022e=h191b570_0
  - ucrt=10.0.20348.0=h57928b3_0
  - vc=14.2=hac3ee0b_8
  - vs2015_runtime=14.29.30139=h890b9b1_8
  - wcwidth=0.2.5=pyh9f0ad1d_2
  - wheel=0.37.1=pyhd8ed1ab_0
  - xz=5.2.6=h8d14728_0
  - zeromq=4.3.4=h0e60522_1
  - pip:
    - absl-py==1.3.0
    - astunparse==1.6.3
    - cachetools==5.2.0
    - certifi==2022.9.24
    - contourpy==1.0.5
    - cycler==0.11.0
    - flatbuffers==22.9.24
    - fonttools==4.37.4
    - gast==0.4.0
    - google-auth==2.13.0
    - google-auth-oauthlib==0.4.6
    - google-pasta==0.2.0
    - grpcio==1.50.0
    - h5py==3.7.0
    - importlib-metadata==5.0.0
    - keras==2.10.0
    - keras-preprocessing==1.1.2
    - kiwisolver==1.4.4
    - libclang==14.0.6
    - markdown==3.4.1
    - markupsafe==2.1.1
    - matplotlib==3.6.0
    - numpy==1.23.4
    - oauthlib==3.2.2
    - opt-einsum==3.3.0
    - pandas==1.5.0
    - pillow==9.2.0
    - protobuf==3.19.6
    - pyasn1==0.4.8
    - pyasn1-modules==0.2.8
    - pytz==2022.4
    - requests-oauthlib==1.3.1
    - rsa==4.9
    - scipy==1.9.2
    - tensorboard==2.10.1
    - tensorboard-data-server==0.6.1
    - tensorboard-plugin-wit==1.8.1
    - tensorflow==2.10.0
    - tensorflow-estimator==2.10.0
    - tensorflow-io-gcs-filesystem==0.27.0
    - termcolor==2.0.1
    - urllib3==1.26.12
    - werkzeug==2.2.2
    - wrapt==1.14.1
    - zipp==3.9.0
prefix: C:\Users\Anubrata Bhowmick\.conda\envs\fcc-ml
